#run       TimeResoRight[ps]    TimeResoErrRight[ps]        TimeResoLeft[ps]     TimeResoErrLeft[ps]       TimeResoMeanR[ps]    TimeResoErrMeanR[ps]       TimeResoMeanL[ps]    TimeResoErrMeanL[ps]    TimeResoRightAmp[ps] TimeResoErrRightAmp[ps]     TimeResoLeftAmp[ps]  TimeResoErrLeftAmp[ps]    TimeResoMeanAmpR[ps] TimeResoErrMeanAmpR[ps]    TimeResoMeanAmpL[ps] TimeResoErrMeanAmpL[ps]           Efficiency[%]        EfficiencyR[%]       EfficiencyL[%]       EfficiencyAmp[%]
   8                 1157.94                 1093.65                 554.893                 235.852                 1171.05                 857.119                 1173.47                 817.323                 1157.34                 937.525                 581.072                 267.698                 1167.18                 908.033                 1163.15                 1007.59                 91.1787                 93.1706                 91.9339                  94.287
   9                 103.857                 1.37815                 108.553                 1.53331                 84.3661                0.892079                 84.1268                0.862723                 105.962                 1.42342                 110.457                 1.59843                 86.4551                0.878172                 85.2399                0.939494                 91.2232                 93.4043                 92.2003                 94.2767
  10                 130.468                 3.03787                  124.88                 2.67881                 100.927                  1.5243                 102.489                 1.56805                 156.918                 5.63339                 139.106                 3.86478                 121.122                 2.31469                 117.229                 2.12555                  62.357                 68.7071                 64.9314                 93.3924
  11                  140.98                 5.28766                 143.836                 5.67243                 105.243                 2.33391                 108.124                 2.41747                  137.07                  4.8007                 147.642                  6.1158                 102.698                 2.22869                 103.162                 2.24268                 35.2614                 42.2549                 37.9412                 95.3595
  13                  147.09                 9.09558                 207.993                 22.5335                 103.642                 2.96127                 100.521                 2.85052                 140.778                 7.90386                 180.725                 14.8706                 98.8216                 2.69862                 99.0011                 2.64601                 17.5362                 22.5177                 18.8825                 94.8166
  14                       0                       0                       0                       0                       0                       0                       0                       0                       0                       0                       0                       0                       0                       0                       0                       0                 6.58357                 10.5465                 7.63822                 95.0144
  15                 106.748                 1.46892                 108.607                 1.55807                 85.7108                0.883814                  85.141                0.872949                 108.503                 1.53114                 110.865                 1.68046                 85.7461                0.886737                 87.2723                0.972498                 91.2214                 93.0203                  91.923                 94.2975
  16                  103.64                 1.27887                  100.98                 1.22511                 80.7028                0.750492                 81.1337                0.779948                 103.136                 1.27586                 112.105                 1.57314                 80.8486                0.774339                 81.2058                0.781584                 97.2333                 97.9633                 97.5159                 93.6308
  17                 108.787                 1.49444                 104.134                 1.33896                 89.8523                0.959686                 90.5563                0.978591                 110.708                 1.56961                 104.798                 1.38599                 101.199                 1.19201                 92.0326                 1.03472                 98.3362                 98.8229                 98.3701                 93.2315
  18                  110.21                 1.50758                 111.619                 1.57421                 94.7008                  1.1002                 95.3938                 1.08403                 107.968                  1.4493                 130.136                 2.43234                 110.248                 1.68006                 103.441                 1.38664                 99.0049                 99.2508                 99.0752                  93.772
  19                       0                       0                       0                       0                       0                       0                       0                       0                       0                       0                       0                       0                       0                       0                       0                       0                    -nan                    -nan                    -nan                    -nan
  20                 113.161                 1.01486                 113.664                 1.04581                 98.7757                0.739468                 100.429                0.760325                 122.943                 1.27728                 117.149                 1.15119                 99.6646                0.771998                 113.124                 1.08098                  99.509                  99.655                 99.5577                 93.4097
  24                 108.824                 1.41914                 114.018                 1.60182                 99.4579                 1.15553                 96.8342                 1.06629                 113.972                 1.59341                 119.278                 1.81983                 88.4545                0.976825                 114.067                 1.65012                 99.3715                 99.5601                 99.4134                 93.3382
  25                 107.375                0.860368                   110.3                0.927057                 89.1932                0.576993                 89.8909                0.577724                 112.644                0.986855                 122.877                 1.21584                 86.3739                0.518894                 99.4846                 1.35736                 99.0286                 99.3229                  99.079                 92.6868
  26                 105.668                0.842591                 103.905                0.818748                 86.0348                0.553633                 87.1113                0.560095                 106.476                0.870212                 115.386                 1.05227                 87.8503                 0.59769                 96.8953                0.684752                 98.4692                 98.8777                 98.5638                  92.918
  27                 102.128                0.789679                 103.162                0.807213                 78.7909                0.462094                 79.4886                 0.46709                 107.247                  1.1268                 110.313                0.949304                  78.762                0.465738                 84.3668                 0.51856                 96.9056                 97.7191                 97.1266                 93.0869
  28                 106.413                 1.05754                  110.33                 1.16531                 84.8948                0.623227                 84.7901                0.630205                 114.304                 1.28572                 117.501                 1.34981                 84.6518                0.616664                 83.3898                0.601696                  89.545                 92.0847                 90.4514                  93.018
  29                 122.061                 1.30252                 129.589                 1.53198                 99.9014                0.758284                 99.5019                0.740663                 127.177                 1.50612                 129.269                 1.56309                 97.3368                0.738991                 93.7542                0.659675                 60.3621                 66.9856                 62.5478                 94.1934
  30                 129.519                 2.51386                 145.695                 3.44552                 101.214                 1.24239                 99.6573                 1.17838                 124.532                 2.26984                 141.914                 3.26998                 94.8203                 1.08752                 98.2752                 1.22622                 33.0006                 39.8143                 34.9042                 94.0453
  31                 151.504                 5.91997                 167.708                 8.03158                 99.6492                 1.69822                 100.188                 1.76229                 152.666                 6.04379                 182.404                  9.9785                 96.8179                 1.59254                 98.7707                 1.67227                 14.8825                 20.6018                 16.4988                 94.4424
  32                 190.002                 19.9546                  207.75                 29.4765                 108.663                 3.71724                 103.734                 3.07831                 168.774                 14.1994                 210.307                 34.9733                 102.452                  3.0647                 102.686                 3.14703                 5.64063                 9.22665                 6.41909                 94.3721
  33                 101.975                0.803638                 100.443                0.784516                 77.6276                0.459389                 78.5816                0.468432                 103.086                0.835679                 101.312                0.810623                 91.5662                0.660245                 86.0694                0.529005                 95.4828                  96.642                 95.7365                 89.8513
  34                 102.238                 1.28833                 100.187                 1.22903                 77.6223                 0.72061                 77.5751                0.700143                 102.606                 1.29893                 102.159                 1.31046                  78.681                0.729453                 81.8012                0.774763                 95.0164                 96.2106                 95.2845                 88.2661
  35                 115.182                0.988905                 110.696                0.906896                 86.0934                0.500937                 84.7558                0.491393                 122.349                 1.15831                 122.764                 1.18055                 89.3227                0.547229                 107.436                0.924163                 79.0027                 83.5055                 80.2484                 65.3968
  36                 135.108                 1.98543                 124.706                 1.60288                 95.7623                0.778483                 94.2315                0.764028                 167.253                 3.75337                 139.384                 2.17199                  102.58                0.919831                 100.662                0.877903                 40.1683                 47.1324                  42.078                 34.1878
  37                 105.912                 777.164                 213.907                  81.948                 83.6144                  613.55                 83.6144                  613.55                  258.77                 1700.94                 853.612                 854.301                 83.6146                 613.546                 83.6146                 613.546                  6.5358                 8.85899                 7.19012                 15.9462
  38                       0                       0                       0                       0                       0                       0                       0                       0                       0                       0                       0                       0                       0                       0                       0                       0                       0                 98.7523                       0                 23.7988
  40                       0                       0                       0                       0                       0                       0                       0                       0                       0                       0                       0                       0                       0                       0                       0                       0                       0                       0                 98.7683                 23.8592
  41                 106.993                 1.19544                 100.062                 1.04081                 81.2507                0.649626                 82.3817                0.676428                  111.07                 1.31465                  102.88                 1.10954                 81.4716                0.673122                 81.6979                0.703306                 97.3615                  97.507                 97.8659                 93.0449
  42                 101.628                0.686078                 103.313                0.713148                 82.5175                0.426408                 83.6103                0.446403                  103.87                0.727871                 103.272                 0.71883                 94.4659                0.565533                 99.4012                  0.6387                 97.2424                 97.8419                 97.4183                 93.0381
  43                 110.941                 5.86585                 878.007                 507.109                 39.0201                 286.324                 953.868                 602.482                 128.004                 9.12793                  723.91                 525.188                 258.769                 1701.08                 1333.12                 1218.78                 33.6663                  96.651                 35.1351                 13.3373
  44                 148.076                 3.21801                 249.798                 21.9985                 172.873                 6.30233                  180.39                 7.15053                 217.469                 9.22529                 275.976                 31.2118                  207.46                 11.2256                 202.425                 10.5014                 41.3173                 98.1922                 42.1191                 12.2983
  45                 111.872                 1.24489                 128.266                 1.83203                 88.0921                0.736399                 89.6182                0.806322                 109.261                 1.21619                  131.54                  1.9699                 90.2324                0.832202                 90.2753                0.839799                 51.8629                 99.2025                 52.2849                 12.6419
  46                 121.378                 1.85085                 134.609                 2.50603                 88.7639                0.885296                 86.5035                0.835367                 118.974                 1.78633                 137.043                 2.69498                 88.6567                0.899612                 90.2953                0.937325                 37.5042                 96.7065                 38.5503                 12.5531
  47                 127.779                 2.16094                 138.898                 2.87282                 91.4038                0.974484                 92.2874                0.963098                 128.445                 2.24879                 150.218                 3.65763                 96.2405                 1.03745                 96.3812                 1.04542                 29.5683                  89.843                 31.7661                 12.8728
  48                 132.138                 3.10746                 138.551                 3.77432                 89.6502                 1.17529                 91.6594                 1.25869                 142.542                 3.89383                 142.669                 4.09261                 99.1051                 1.44425                 118.562                 2.25356                  19.764                 76.6075                 23.4036                 12.7716
  51                 127.415                 2.04799                 152.002                 3.47076                 98.9831                 1.16098                 102.009                 1.24912                 126.939                 2.10922                  158.98                  3.8165                 102.439                 1.28131                 103.772                 1.32968                 35.3525                 90.9098                 38.3086                  12.381
  52                 97.7819                0.628619                 109.526                0.806037                 83.0822                0.440429                 83.2207                0.442858                 95.8389                0.627099                 114.341                0.924088                 82.7243                0.460761                 82.7064                0.462824                  98.615                 98.8123                  98.764                 12.1226
  53                 106.405                0.756064                 112.384                0.891352                 84.1953                0.452048                 84.3835                0.455364                  108.44                0.794822                 116.838                 1.00643                 86.8811                0.502842                 86.6915                0.498828                 95.1222                 96.5836                 95.5403                 12.2442
  54                 118.454                  1.3236                 440.276                 104.851                 647.135                 235.147                 455.195                 80.1535                  115.11                 1.24395                 523.738                 176.602                 897.673                  924.32                 716.948                  307.66                  55.451                 94.9735                 59.1621                 12.5005
  55                 114.763                  1.2107                 122.293                 1.48302                  92.408                0.723491                 90.0265                0.710332                 120.732                 1.36702                 142.216                 2.18883                 91.2335                0.714712                 90.6697                 0.71088                 58.3822                 94.2365                 62.5994                 89.5092
  56                 109.269                 1.04486                 129.558                 1.68409                 91.5858                0.720712                 92.1652                0.755616                 122.029                 1.33834                 132.287                 1.78915                  90.373                0.696693                 94.6174                0.746916                 60.0318                 97.4254                 62.2762                 93.8599
  57                 110.728                 1.08991                  123.93                 1.45787                 93.1638                0.735721                 92.8507                0.759844                 105.787                0.994999                 133.983                 1.82354                 95.8837                0.888329                 95.7894                0.882863                  61.466                 97.7931                 63.4207                 12.3626
  58                 106.616                 1.02638                 121.055                 1.41002                 91.1326                0.712307                  87.629                 0.68904                 102.593                0.995901                 127.748                 1.63325                 90.8631                0.782594                 90.4368                0.779645                 61.1294                 97.6739                 63.2309                  12.509
  59                 94.0113                 2.81341                 111.156                  4.8234                 90.4764                 2.93528                 87.4567                 2.96681                  94.876                 3.08039                 119.433                 5.95764                 99.9018                 3.93147                 92.8016                 3.55464                 61.3833                 99.1354                 62.0749                 13.3718
  61                  775.88                 398.805                 122.634                 899.874                 290.329                 583.921                 33.4458                  245.42                  775.88                 398.805                  258.77                 1700.93                 144.932                 1063.48                 251.598                 1992.12                    -nan                    -nan                    -nan                    -nan
  62                       0                       0                       0                       0                       0                       0                       0                       0                       0                       0                       0                       0                       0                       0                       0                       0                    -nan                    -nan                    -nan                    -nan
  65                 1423.87                 1423.99                 5.57429                 40.9034                 734.817                 727.834                 1413.36                 711.204                 1155.51                 870.446                 785.419                 735.384                 477.106                 281.665                 171.608                 205.882                      60                      60                     100                      30
  67                       0                       0                       0                       0                       0                       0                       0                       0                       0                       0                       0                       0                       0                       0                       0                       0                0.156231                0.252374                  25.009                 16.7288
  68                  119.24                 2.58561                 130.243                 3.62668                 95.0161                  1.5743                 89.9936                  1.4654                 119.058                 2.66625                 145.357                 4.82788                  93.311                 1.61851                 93.6912                 1.63468                 60.2512                 88.5371                  70.069                 17.0883
  69                 119.864                 2.49633                 137.289                 3.75968                 93.9665                 1.38825                 91.7664                  1.3952                  118.11                 2.39468                 149.416                 4.60979                 100.555                 1.75292                 99.2771                 1.70538                  59.744                 84.1939                  74.155                 38.9185
  70                       0                       0                       0                       0                 100.337                  736.26                 100.337                  736.26                  258.76                 1702.24                       0                       0                  258.77                 1700.95                  258.77                 1700.95                      75                      75                     100                      25
  72                 111.926                 2.12534                 115.246                 2.19481                 90.9243                 1.27191                 80.5759                0.962523                  113.51                 2.20546                 138.883                 3.90955                 89.8169                 1.22798                 90.2624                  1.2364                 65.5831                 96.6233                 67.1141                 41.6107
  73                 94.6882                 1.60615                 134.819                 4.15744                 101.871                 2.16036                 93.3223                 1.67911                 97.3562                 2.08111                 147.625                 6.05248                 101.964                 2.11828                 97.7712                 1.86468                 68.5894                 98.8851                 69.0015                 40.8386
  76                  103.02                 1.44394                 135.094                 2.89783                 108.774                 1.63626                 100.887                 1.43738                 101.443                   1.407                 148.869                  3.9291                 114.178                 1.96571                 117.066                 2.05563                 73.5065                 99.8611                 73.6133                 46.4465
  79                 122.063                  3.6698                 161.054                 8.08791                 92.2849                 1.84195                 93.0022                 1.86214                 126.033                 3.87576                 184.766                  12.415                 97.3816                 2.04503                 98.3907                 2.15238                 25.6829                 90.5284                  27.004                 41.2897
  81                 138.717                 6.86993                 156.857                 11.8122                 95.1598                  2.6532                 98.6151                 3.12608                 120.989                 4.76986                 142.561                 9.02479                  109.95                 4.12005                 162.363                  19.527                 13.4209                 68.3717                 16.8935                 44.0404
  82                 121.265                 2.99266                 157.103                 6.49613                 93.6151                 1.53238                 92.0252                 1.50869                 125.811                 3.35148                 159.712                 6.50883                 128.059                 5.66112                 97.3703                 1.71632                 30.8238                  92.813                 32.2822                 43.6342
  85                       0                       0                       0                       0                       0                       0                       0                       0                       0                       0                       0                       0                       0                       0                       0                       0                0.298211                 3.28032                0.795229                 19.1849
  86                 109.777                 1.75188                 127.059                 2.66843                  100.21                 1.44311                 94.5788                 1.31946                  107.99                 1.70778                 155.603                 4.58013                 103.074                 1.60549                 99.7172                 1.51864                 62.4629                 99.5803                 62.6881                 15.0988
  88                 114.818                 2.81855                 143.688                 5.14263                 88.4904                 1.43068                  87.284                 1.39125                 117.661                 3.02302                 136.915                 4.95704                 91.3841                  1.5842                 99.2358                 1.84748                 32.2138                 95.7505                  32.865                 15.6957
  90                 123.554                 4.04901                 172.523                 11.4926                 96.4806                 2.15205                 96.7545                  2.3053                 127.738                 4.66981                 179.897                 12.3933                 101.754                 2.44566                 100.239                 2.40235                  17.587                 78.3651                 20.6131                  16.683
  92                 124.353                 3.17399                 140.018                 4.71117                 89.4156                 1.54066                 87.8153                 1.45246                 134.465                 4.42819                 164.945                 7.46565                 91.2121                 1.55699                 92.2161                 3.09242                 41.9251                 90.6958                 46.3442                 42.1662
  93                 126.643                 5.44605                 123.268                 4.67586                 95.3907                 2.78841                 92.5199                 2.55909                 113.793                 3.91066                 135.611                 6.87471                 92.7645                 2.45529                 96.1372                 2.83177                 33.7951                 41.6739                 68.7157                 30.2453
  95                 103.659                 1.37066                 129.471                 2.51456                 87.5843                0.994276                  85.145                 0.90934                 107.722                 1.49465                 136.329                 3.01091                 85.5499                0.982798                 89.3627                 1.37927                 64.8592                 98.5532                 65.4458                 50.1303
  98                 105.136                0.884732                 126.298                 1.45895                 89.8221                0.638039                 85.5842                0.567475                 107.111                0.987291                 155.676                 2.69904                 89.2904                0.623515                 86.8876                0.576827                 64.2096                 98.2547                 64.9597                 97.4696
  99                 126.726                 1.96728                 135.742                 2.50942                 95.2175                 1.05298                  93.063                0.999014                 129.977                 2.14881                 143.193                 3.12095                 83.6879                 0.87704                 88.0456                0.929323                 40.9645                 90.0113                 45.9165                 90.8235
 100                 106.718                0.945743                 121.625                  1.3192                 89.7385                0.636758                 87.4995                0.602548                 107.002                0.949338                 145.393                 2.15184                 85.9024                0.599295                  85.412                0.597329                 65.7516                 95.7653                 69.1271                 95.8873
 101                 110.834                 1.05389                 126.945                 1.55879                 90.2636                0.667996                 84.6045                0.589795                 116.694                  1.2096                 151.589                  2.5944                 100.223                0.929553                 99.6296                0.975918                 62.8611                 97.4902                 63.7089                 97.6408
 102                  103.25                0.872139                 129.667                 1.62053                 86.4822                0.609246                 82.9836                0.558915                 102.722                0.874997                 142.449                 2.22564                 99.3976                0.941059                 89.4567                0.634226                 66.3752                 98.6497                 66.9729                 98.0686
 103                   99.42                0.777348                 124.527                 1.56757                 86.3835                0.663451                 85.7033                0.640282                 111.651                 1.00229                 133.018                 1.93986                 83.3713                0.657834                 83.1978                0.633241                 73.0076                 97.7871                 74.6363                  97.467
 104                 122.814                 1.66711                 142.821                 2.60974                 91.4352                0.855611                 88.7275                 0.83798                 157.173                 3.49871                 171.291                 4.33998                 88.0264                0.836667                 86.0725                0.798093                 52.2574                 99.1003                 52.4009                 98.6974
 105                 109.794                 1.21795                 148.578                 2.78717                 89.3828                0.747325                 89.7218                0.724491                 111.317                  1.2697                 167.997                 4.04708                 95.7477                0.846296                 120.499                 1.74214                 61.6276                 61.6508                 79.8748                 64.6186
 106                 117.392                 1.58336                 130.857                 2.14472                 81.7816                0.640376                 82.5438                0.663752                 122.194                  1.7729                 187.081                 8.16527                 119.096                 2.62124                 119.534                 1.91645                 62.3648                 62.3648                 83.6226                 59.2956
 107                 114.137                 1.50875                 144.601                 2.73177                 84.7391                0.698008                 87.3198                0.756797                 115.271                 1.55499                  153.76                 3.24455                 79.0587                0.643497                 95.7466                 0.90232                 45.6408                 45.7962                 63.8547                 69.1183
 108                 129.372                 1.95054                 132.744                 2.05993                 89.6829                0.748326                 95.2487                0.840977                 122.986                 1.83032                 145.579                 2.78402                 85.9001                0.732131                 111.777                 1.30896                 57.1976                 57.3356                 67.9289                 72.1141
 109                 140.587                 3.22794                 174.516                 5.66222                 93.9183                 1.06305                 92.8384                 1.03178                 140.796                 3.25774                 191.498                 6.63071                 93.6406                 1.35525                  99.574                 1.26901                  35.112                 35.3372                  52.077                 47.9117
 111                 124.985                 2.31063                 213.225                 9.58197                 98.9473                 1.15418                 110.474                 1.43669                 114.036                 1.68054                 199.756                 7.91869                 100.029                 1.26027                 107.897                 1.42164                 47.5671                 47.9371                 64.9214                 53.1082
 112                 147.919                 4.18107                  178.83                 7.12643                 85.5282                  1.0264                 84.8557                 1.01497                 140.331                 3.77175                 188.205                 8.39193                 104.711                 1.50053                 92.6018                 1.12938                 29.1076                 29.2871                 42.9161                 52.2176
 114                 117.389                  2.1187                 177.955                 6.37842                 105.695                 1.49933                 111.134                 1.67999                 148.703                 5.06526                 171.727                 5.80358                 123.473                 2.36108                 118.128                 2.09713                 51.6042                 52.0221                 67.7541                 52.1569
